8 9
0 5
11 14
6 48
2 50
3 15
22 28
1 1137
0 126
0 4327
4 96
15 25
1 90
7 21
6 61
10 31
0 3630
2 27
1 211
0 103
3 28
1 1379
14 37
1 67
6 182
9 44
28 57
1 103
0 224
19 237
32 850
0 260
1 862
2 40
3 5
1 224
11 1437
0 116
0 1019
2 2520
4 86
22 283
0 381
1 80
7 11
1 983
6 15
0 646
2 161
9 57
0 237
11 246
6 51
2 17
11 511
0 93
4 63
3 18
1 57
5 27
16 73
2 138
1 322
0 214
6 28
3 139
8 74
0 70
0 2959
0 744
1 443
2 30
0 106
1 34
10 119
9 11
1 70
0 191
0 227
8 51
5 305
19 60
0 721
0 492
10 11
2 7
0 1395
1 191
0 83
32 35
24 31
2 4064
1 47
5 17
2 128
3 93
2 3246
9 24
0 204
6 18
1 168
48 100
0 60
19 73
138 439
4 30
0 2540
0 325
3 888
1 24
0 1493
14 79
0 181
0 1084
5 30
15 80
8 41
0 37
2 226
5 2775
1 181
14 200
0 302
0 73
0 976
4 43
0 567
10 86
0 338
1 266
1 37
0 4359
18 206
5 7
2 118
3 83
9 14
0 688
5 537
1 158
0 50
6 93
0 2939
12 24
11 59
4 20
8 319
0 315
1 14
3 1781
4 285
44 92
0 809
16 30
2 95
3 60
1 1182
0 171
20 149
18 39
4 141
0 436
3 999
1 135
0 27
0 292
12 37
4 33
2 72
22 50
0 148
15 47
1 112
7 43
0 4
18 52
11 13
1 148
8 44
0 40
0 943
6 83
12 14
4 10
1 4
2 85
3 50
1 269
0 161
7 20
26 33
0 1967
7 56
8 21
0 17
11 26
35 383
2 206
33 50
4 252
2 471
0 547
2 62
3 27
14 36
0 138
513 1297
3 63
36 60
1 102
0 1980
21 53
10 43
2 39
0 115
2 75
3 40
0 151
1 79
7 10
10 164
4 1927
1 115
2 834
0 236
8 11
0 7
5 85
6 50
11 16
3 161
10 20
0 272
1 465
2 52
3 17
22 30
14 26
0 128
9 4643
0 393
7 23
6 27
3 138
1 357
0 249
1 2163
3 403
3 1077
2 29
2 2015
1 213
0 1417
0 105
23 88
48 181
0 1273
1 69
5 219
24 89
9 46
0 226
7 1842
6 40
82 295
3 151
2 6
8 86
0 1165
0 82
3 416
24 210
2 42
3 7
1 226
0 347
0 118
4 88
2 1439
0 383
1 82
6 17
66 822
0 468
29 37
0 239
27 76
0 733
1 432
2 19
0 95
0 589
1 1371
0 360
1 59
5 29
2 140
28 49
3 4980
0 216
6 30
1 180
27 89
0 72
18 120
20 50
4 42
0 4538
1 36
6 151
7 3085
0 2817
2 117
9 13
0 193
5 42
6 7
0 458
21 23
5 307
8 53
0 49
0 723
10 13
2 9
1 193
4 693
2 912
0 314
0 85
13 24
4 55
0 2565
1 1361
0 350
1 49
5 19
9 3553
57 66
3 95
9 26
1 314
0 206
6 20
19 39
0 471
8 295
1 170
0 62
4 32
1 26
34 60
13 37
0 592
2 107
1 291
0 183
22 988
15 46
5 32
1 147
4 418
0 39
12 13
1 3
0 3193
13 14
4 45
2 84
5 418
1 39
6 383
0 160
5 9
9 16
0 425
0 196
8 20
11 25
5 4969
8 56
0 52
12 26
4 22
3 206
0 317
1 16
13 3145
3 62
2 362
0 667
1 137
8 33
0 29
11 38
5 2093
1 402
0 294
4 35
2 74
3 39
0 150
0 1053
1 1426
1 114
8 10
5 264
6 229
0 6
0 680
0 1583
3 160
10 1102
10 873
0 271
0 42
12 16
4 12
2 51
1 235
1 6
0 127
4 277
0 801
1 500
3 52
0 392
0 163
7 22
17 72
1 127
8 23
0 19
5 97
2 437
0 284
4 254
0 549
1 477
2 64
3 29
2 967
0 140
13 79
0 405
1 104
1 1007
5 74
3 1462
0 261
6 75
2 41
3 6
72 514
0 117
22 284
3 42
0 382
7 12
23 365
1 346
0 238
0 9
46 125
3 163
10 22
0 1406
1 202
0 94
2 54
3 19
1 238
0 359
0 130
1 4259
3 284
1 94
2 175
0 251
7 110
6 65
10 35
2 31
0 107
0 781
4 77
1 71
0 637
1 336
9 48
0 2214
1 1913
10 12
0 493
2 8
0 1396
1 192
8 88
0 84
20 62
5 162
24 32
3 9
0 349
14 18
1 48
4 90
9 25
1 84
0 205
1 987
5 54
6 19
0 470
8 65
10 25
2 21
4 476
0 97
4 67
24 45
877 1947
0 362
1 61
0 856
5 31
6 32
0 1386
0 74
20 52
0 748
4 44
0 339
1 38
2 528
5 8
2 119
3 84
22 97
14 93
22 771
0 3084
6 9
0 460
0 51
11 60
12 25
2 11
0 316
21 110
0 87
1 15
0 990
13 26
0 581
1 280
1 51
0 172
5 21
1 316
7 67
8 32
0 4000
0 473
4 3970
1 172
132 363
0 64
4 34
1 28
1 1834
3 2963
0 185
1 558
0 450
1 149
8 45
0 41
4 11
23 24
168 262
1 5
13 16
0 1883
4 47
4 950
10 90
16 21
2 86
14 60
0 162
5 11
3 87
0 427
1 126
0 18
18 66
11 27
0 54
6 97
12 28
2 472
3 437
4 24
0 548
2 63
1 18
0 139
6 3251
0 813
1 283
0 175
7 34
0 1981
18 43
0 669
1 139
0 31
11 40
0 1837
0 296
2 76
3 41
0 152
20 130
15 280
7 47
8 12
9 731
0 8
5 86
11 17
2 197
0 273
0 1176
13 212
4 14
2 53
0 129
17 218
3 54
0 394
7 24
16 518
24 342
9 1153
2 174
1 129
0 250
0 21
5 99
10 34
2 295
2 66
3 31
0 371
0 142
1 106
5 76
1 1683
38 110
4 642
0 2069
2 43
3 8
1 227
14 17
0 119
1 901
6 162
3 44
7 14
17 2688
5 3351
2 164
9 60
0 240
21 34
0 3129
6 54
0 505
10 24
2 20
0 96
2 56
3 21
1 1143
0 132
1 60
0 3250
0 1035
5 210
3 4078
5 66
6 31
2 177
1 361
0 4683
0 253
21 47
0 1156
5 331
0 518
4 717
0 109
4 3377
11 118
0 3901
302 559
0 374
1 73
6 8
17 54
0 230
21 24
15 2079
22 397
10 14
2 10
55 3283
0 86
5 164
13 25
3 240
3 11
0 351
0 1254
1 50
4 321
5 20
124 157
3 96
3 361
3 132
1 171
5 321
0 63
8 741
2 23
0 328
21 122
0 2314
0 99
1 27
4 69
0 593
2 108
1 63
0 184
39 175
5 33
3 109
0 449
0 220
2 1950
7 79
1 413
1 184
0 76
6 119
2 494
4 46
0 341
1 40
2 530
5 10
2 121
3 86
0 197
6 11
0 462
0 1365
1 161
0 53
0 956
12 27
4 23
0 318
1 1100
1 17
5 167
13 28
4 59
1 691
16 33
2 98
0 174
5 23
1 547
3 99
8 34
12 184
0 30
0 1378
0 295
0 66
4 36
3 2026
1 30
0 2137
4 301
0 825
2 111
3 76
0 1499
0 187
0 1993
0 43
12 17
4 13
1 7
13 18
0 802
16 23
2 88
3 53
1 272
14 62
0 164
15 27
5 13
0 838
1 128
0 2235
0 20
1 802
46 136
2 209
0 285
6 99
15 1725
0 1862
4 26
2 65
1 20
13 260
0 141
37 59
2 101
0 406
0 177
1 105
7 36
0 671
1 370
1 141
0 33
0 298
11 127
0 2778
2 78
3 43
0 154
15 17
7 13
1 118
0 10
6 53
11 19
17 99
0 275
4 16
29 567
2 55
3 20
4 510
0 131
4 101
0 1708
1 4705
3 56
0 396
7 26
5 65
2 850
0 252
0 23
0 1155
2 441
10 36
0 517
2 32
0 108
2 706
0 782
2 297
2 68
3 33
22 46
0 373
0 2359
0 144
1 72
44 150
0 229
6 43
0 265
0 759
8 1437
2 45
3 10
1 229
0 1433
14 19
0 121
16 474
0 3010
0 386
1 4515
28 39
1 85
7 16
1 350
0 242
0 507
2 22
0 98
1 3095
1 471
3 23
1 62
0 219
5 68
6 33
5 971
0 1387
0 4276
0 75
18 123
0 2964
10 39
0 1652
2 35
1 219
0 340
0 111
16 55
1 304
1 75
5 45
6 10
5 948
1 569
1 340
0 2447
27 69
6 46
10 16
0 497
2 12
1 196
20 66
0 991
4 58
16 32
35 45
0 353
1 52
5 22
2 133
3 98
9 29
8 213
0 209
5 58
6 23
3 134
0 2280
0 65
0 3628
1 1341
1 29
0 595
1 294
1 65
0 186
5 35
0 860
0 222
1 150
8 46
0 1125
18 90
9 536
1 186
0 307
0 78
6 121
12 52
13 17
4 48
22 474
2 267
4 951
16 22
15 206
30 594
1 42
5 12
17 23
2 123
9 19
8 203
0 199
13 138
6 13
0 693
1 163
0 55
20 33
0 958
12 29
1 657
0 4750
0 320
1 19
13 259
0 585
2 100
3 65
5 25
1 140
8 36
0 32
3 595
11 41
0 706
0 297
0 68
0 1200
0 1874
4 38
0 562
2 77
0 1465
1 261
1 32
20 131
3 78
0 418
0 189
8 13
4 159
19 22
1 153
8 49
0 45
12 19
4 15
9 130
0 310
1 9
4 954
2 90
1 274
8 170
0 166
7 25
0 660
0 431
8 26
0 22
5 100
11 31
2 211
0 2093
1 660
10 71
2 67
3 32
15 186
0 143
0 1046
16 267
3 68
15 42
7 38
9 84
0 264
0 35
4 5
10 48
0 120
4 270
0 794
36 222
3 45
14 283
0 385
15 19
0 156
7 15
11 165
0 650
5 1811
0 421
1 120
8 16
0 12
2 1513
5 90
11 21
0 277
21 71
0 1180
2 57
3 22
3 925
0 133
114 118
3 696
56 293
4 103
2 322
2 1225
0 398
1 97
7 28
17 78
0 254
18 122
3 179
10 38
2 34
0 110
0 2096
3 35
1 74
4 116
1 110
0 231
0 2
5 80
10 424
6 45
10 15
1 195
0 1170
2 47
3 12
1 231
0 123
32 75
0 388
1 87
4 1261
5 57
6 22
2 168
3 133
0 244
4 214
0 738
2 24
0 4530
0 100
13 39
1 473
3 25
1 64
5 34
2 145
3 110
1 329
0 221
46 108
6 35
49 113
0 486
1 185
0 77
0 751
2 266
3 231
2 37
156 998
0 113
0 1245
1 41
0 1016
3 496
4 83
2 122
9 18
1 77
0 198
25 142
3 532
0 3087
5 47
6 12
2 158
3 123
0 463
0 234
1 162
7 93
8 58
10 18
2 14
0 319
0 90
4 60
16 34
0 355
1 54
5 24
0 620
0 1114
6 254
0 67
1 31
4 73
0 597
0 188
1 970
5 37
0 862
3 113
0 2439
1 152
0 44
2 4
0 80
1 8
2 89
1 44
0 165
5 14
88 1855
9 250
2 125
0 430
0 201
0 466
0 57
6 1183
20 35
5 135
4 27
0 322
1 21
11 331
2 102
3 67
1 286
0 178
3 741
15 41
0 1081
18 46
17 267
4 148
0 1346
1 142
8 38
0 34
0 708
10 227
26 2795
2 897
5 377
1 672
4 40
2 79
6 378
1 1166
0 155
0 3947
3 80
1 119
8 15
26 63
0 11
30 33
1 155
0 276
0 47
41 48
20 25
5 125
12 21
4 17
23 30
1 11
0 806
56 63
2 92
3 57
0 397
0 168
15 31
7 27
0 24
19 37
11 33
1 626
0 289
10 73
0 554
3 34
1 253
0 145
13 84
1 518
9 230
1 109
0 1
0 266
25 30
4 7
2 46
0 122
18 170
2 82
3 47
75 152
0 387
0 158
5 465
1 86
7 17
26 30
1 122
0 243
0 14
11 23
6 57
0 2494
1 207
2 59
3 24
1 243
0 364
14 33
0 135
6 178
17 44
0 400
1 1002
1 1905
6 34
9 76
2 1083
1 629
2 36
13 460
0 112
3 675
3 37
43 73
5 46
0 233
21 27
6 47
10 17
2 13
8 93
6 312
0 89
2 687
12 63
0 763
2 49
3 14
14 23
0 125
1 53
0 1028
4 95
10 138
17 34
2 134
36 47
1 318
1 89
0 210
6 1336
28 717
5 59
6 24
0 475
0 246
10 30
2 26
0 102
12 76
0 1908
1 66
5 710
1 331
0 2438
2 821
0 223
3 1689
0 3112
6 37
2 3
1 187
0 79
20 57
3 4
0 2559
1 43
1 717
2 124
0 1512
0 200
4 350
5 49
6 14
0 465
15 99
0 1139
0 56
20 34
9 141
2 16
1 200
0 321
0 92
13 31
4 62
0 357
0 1489
1 56
5 26
5 929
3 102
9 33
0 213
43 174
16 157
1 177
3 2847
0 69
3 1535
4 39
2 258
3 223
1 33
16 49
3 79
9 10
15 53
0 190
0 3308
5 39
2 3268
6 1810
1 154
0 46
11 55
12 20
1 10
12 2271
13 21
24 30
16 26
2 91
5 2640
1 46
0 167
5 16
1 540
2 127
0 203
8 27
4 173
11 32
8 63
0 59
4 29
1 23
2 333
2 104
3 2055
1 288
4 150
1 144
0 36
53 191
11 45
4 6
55 4401
6 115
2 81
3 46
1 265
0 157
5 6
3 82
1 121
7 52
8 17
0 13
11 22
7 317
0 278
12 23
4 19
0 543
10 62
2 58
0 1217
1 13
2 2947
0 134
51 99
2 94
3 59
0 2614
0 170
1 98
7 29
1 134
0 26
2 444
7 559
3 1083
29 89
4 670
2 709
2 71
3 36
0 147
0 412
7 42
0 3
11 12
1 1688
1 376
4 9
2 48
3 13
1 232
38 645
0 124
12 98
4 94
3 49
1 88
7 19
0 654
7 284
0 245
0 16
10 29
13 629
2 25
12 255
0 101
9 186
2 61
3 26
5 624
1 245
0 137
1 595
1 366
0 487
3 412
17 167
2 38
1 222
0 114
0 1282
11 388
7 9
1 78
5 48
2 159
9 55
0 235
38 347
6 49
10 19
2 15
0 3389
1 199
849 1757
0 91
25 35
0 994
0 2980
12 65
3 16
1 55
4 326
0 621
2 136
1 91
0 3101
5 61
0 886
0 477
0 248
10 32
5 820
2 28
1 212
8 108
0 104
6 147
2 293
0 598
1 68
11 198
1 562
2 149
3 114
0 225
0 3343
2 643
6 39
0 490
2 5
7 349
1 189
4 460
0 81
13 20
4 51
9 166
1 45
13 56
5 15
0 840
2 126
1 310
9 22
0 2417
0 202
15 65
6 16
0 467
1 166
7 97
0 58
12 32
2 18
0 323
5 401
1 22
4 64
1 287
1 58
0 179
5 28
0 215
18 83
3 598
1 179
0 300
0 71
2 2475
4 41
2 260
4 944
0 2551
1 35
1 938
1 529
3 81
9 12
1 300
0 192
27 29
2 381
1 565
2 4173
1 156
0 48
12 22
0 722
31 35
4 18
1 421
0 313
1 12
26 185
4 283
4 54
7 208
0 169
11 178
5 18
8 29
0 1108
26 77
0 25
25 198
4 2390
11 34
0 290
0 61
4 31
2 70
7 2400
1 25
0 146
31 133
2 106
3 71
0 182
11 1094
0 447
1 146
0 38
40 74
6 81
4 8
0 303
1 2
0 797
1 267
15 22
3 722
0 159
7 18
1 123
8 19
6 238
0 15
19 28
6 94
4 21
2 60
0 136
3 61
0 401
1 1183
1 100
7 31
9 486
0 666
0 3784
2 181
1 365
9 77
0 257
0 28
2 446
3 182
1 221
1 486
2 73
3 38
1 257
14 47
0 149
7 8
