0 450
0 132
0 1924
22 5
952 5
4993 1
70 116
21 3
143 0
11 32
0 436
4 55
45 10
32 7
9 9
2719 1
3308 1
2 2
0 1867
0 803
8 2
347 4
0 68
0 211
10 34
51 10
221 15
417 0
6 94
1 241
581 1
95 2
4 74
12 3
1 7
1 28
2 1303
24 21
3 36
0 2306
23 5
3 20
32 1
86 5
17 3
0 428
8 22
92 0
0 2902
0 89
67 6
72 0
1 133
132 1
12 60
42 4
3 80
22 4
104 0
0 467
1 1826
4 356
116 1
1 102
0 1405
46 6
150 0
14 7
17 68
103 2
56 22
206 0
386 0
44 2
226 0
50 52
4415 0
14 41
606 0
0 64
43 55
4 28
84 6
230 0
4 45
66 4
0 245
42 52
1 587
1 94
167 0
155 1
1 246
3 164
269 2
15 22
31 3
14 114
984 1
2 91
985 0
6 159
0 593
1 21
0 217
44 5
30 9
267 5
13 54
0 572
1 256
10 656
1 96
76 1
16 88
48 1
97 2
6 31
0 81
45 2
1 252
255 73
97 1
19 3
379 0
35 27
44 19
31 2
63 65
17 19
1 100
644 10
1919 1
0 136
1 36
458 0
29 32
1 106
8 31
1038 1
16 3
10 1
495 1
183 7
6 301
5 33
172 3
2393 9
112 1
125 0
0 9
37 5
16 23
92 1
13 877
2527 0
202 0
4 767
573 0
0 102
324 2
1 39
1 236
986 20
1 48
16 4
847 0
10 28
0 219
571 23
1492 11
11 38
60 0
0 255
31 10
323 1
1456 0
228 0
0 23
510 0
375 0
566 0
13 161
3031 0
0 114
0 151
53 61
3 66
7 24
193 116
27 3
122 10
51 24
7 4
0 580
608 1
23 106
30 200
0 46
35 4
303 1
0 20
0 29
13 0
0 1003
4 44
1728 3
18 113
3 213
0 315
3 1749
29 27
39 2
1 13
0 125
2 360
21 28
2 30
12 8
3 53
0 257
123 0
1 51
3045 0
1 847
0 1236
15 25
2 839
0 33
13 5
0 611
171 4
20 1
0 3
4 124
286 0
19 5
282 1
571 0
8 88
0 456
0 295
587 0
1 77
3926 0
107 89
899 0
15 3
1587 0
370 3
2 80
451 0
0 110
2 6
588 0
2 4
5 13
1743 1
7 52
333 0
5 39
49 22
7 35
2 23
37 2
0 277
172 8
0 531
674 0
25 5
227 0
1799 2
81 25
70 1
5 85
27 6
0 280
2 281
2045 0
24 2
0 299
14 14
0 50
4 1
8 4
52 2
192 6
0 365
1 23
102 3
4 252
16 10
15 13
0 511
1644 0
21 19
0 289
282 38
236 0
0 129
992 0
2 35
51 2
6 16
119 19
0 1220
23 9
18 698
25 3
1 91
75 3
12 0
2 90
1 123
4 15
6 15
16 5
565 0
28 8
1 74
0 199
253 0
225 0
6 34
260 1
571 1
13 9
74 2
7 19
1 90
0 109
2 12
6 3
4 18
7 32
0 2054
2 77
612 361
31 20
11 106
8 7
216 4
0 1436
0 36
17 0
27 4
0 124
618 1
225 5
340 0
3 974
50 30
2 93
2 64
3 18
43 2
132 5
23 22
17 2
176 0
0 412
6 124
0 6
84 2
529 0
291 0
166 0
205 22
137 3
10 19
0 248
73 79
132 0
0 1261
270 1
0 1072
25 7
0 39
186 1
1 75
15 37
83 0
62 0
1 316
129 3
2 41
9 14
6 20
873 4
35 0
0 417
8 18
747 1
0 113
12 17
0 112
4 43
5 65
100 0
820 0
24 6
123 28
0 150
19 7
168 1
2 2222
2938 1
13 78
78 1
13 23
209 10
57 0
18 8
9 18
0 172
3 2
241 1
5 211
13 4
56 5
91 0
35 9
37 3
430 0
317 0
31 27
10 0
2 199
14 9
0 70
4 40
308 0
5 24
11 96
5 8
0 759
5 47
1274 2
0 2370
20 11
0 309
21 2
40 55
289 0
149 5
18 1
28 3
7 28
924 0
22 10
0 131
3 171
1 235
34 1
67 1
772 0
4 16
6 12
119 0
7 5
2 47
4604 3
3 138
29 9
608 2
449 2
0 42
1 52
18 55
21 54
6 9
0 1396
126 2
0 1598
1 27
3 0
1399 0
1 386
13 362
0 40
355 6
14 2
192 0
0 12
3 12
8 24
355 4
8 69
1152 0
56 2
60 3
2 1940
8 1094
0 55
6 2
4 68
6 155
7 39
0 1286
2 130
24 4
10 29
521 20
2 94
32 6
2289 0
3990 1
5 22
1 104
3 13
34 4
1 46
39 21
82 3
3 35
232 4
130 46
29 0
17 4
1117 0
97 15
312 1
4729 0
0 336
26 32
1 156
412 0
135 0
12 20
41 6
4 913
27 16
0 141
13 48
5 41
34 61
0 78
23 0
18 7
0 241
35 3
0 25
1 54
1 61
0 154
1 53
326 0
1 70
1 175
45 4
21 4
3 6
10 45
95 3
0 53
12 1
80 1
1 42
159 2
11 264
158 3
12 13
28 0
4 17
10 26
331 1
0 1244
493 0
53 1
6 119
0 489
4 71
331 0
0 392
10 38
3 31
10 7
2 630
3 30
1049 0
0 31
1424 0
75 2
14 42
6 24
0 65
0 224
0 423
5 14
26 15
4 210
0 1613
22 6
4033 4
2330 0
45 12
45 1
0 271
16 1
19 4
0 107
4 116
475 2
6 665
11 19
0 103
44 8
17 28
2 70
2 311
535 5
138 0
180 0
3 5
86 2
793 0
140 79
7 15
3 67
4 3
93 11
0 209
170 1
1 2365
5 103
288 5
4 46
0 804
243 2
16 7
94 4
2 282
8 14
6 6
34 6
1 89
115 0
5 17
158 0
0 774
0 208
0 59
29 1
16 32
176 3
1 345
17 10
81 19
0 716
254 0
13 14
8 3
0 135
47 2
19 2
165 0
48 0
11 6
96 5
0 874
172 0
10 20
93 6
80 5
3 1083
7 69
0 869
3048 0
2 495
6 17
40 4
16 35
0 234
3722 2
0 17
88 3
3 8
4723 1
14 4
15 5
0 1160
8 79
0 2655
0 27
6 22
34 0
234 0
71 1
41 0
263 0
688 2
205 0
2075 2
1530 10
15 2
73 5
1 81
52 1
86 25
10 8
5 1705
21 349
19 14
0 207
3 22
4 4
21 14
6 5
8 59
4 5
452 0
2 52
48 4
96 0
1 875
7 30
46 2
1364 0
6 26
0 889
16 296
727 3
43 7
14 1145
169 4
7 22
8 42
55 3
39 4
5 102
86 3
103 3
6 53
31 14
4177 1
1 44
55 0
0 167
1 0
507 0
6 36
2 244
0 374
26 2
224 6
10 18
185 1
19 6
613 0
71 42
0 549
2844 1
11 63
197 1
0 56
2 1
10 242
3 78
1241 1
0 281
0 90
197 0
4 27
1136 0
35 2
0 338
3085 2
9 11
15 10
2 37
5 52
0 192
2 974
7 161
54 9
177 15
3579 1
0 22
3 261
935 0
132 17
0 166
606 4
9 4
79 0
55 1
6 38
1 117
1 33
52 3
30 14
5 620
2 46
5 23
4564 0
19 24
79 11
41 3
453 0
184 0
13 13
18 208
10 10
7 3
0 725
93 0
3704 2
505 2
0 225
40 7
1 22
1330 0
18 9
0 74
21 8
461 1
56 1
0 10
1382 0
9 30
3 211
142 2
1 5
32 8
3 40
37 16
0 95
180 3
99 8
500 2
4 764
15 14
18 3
30 3
1252 0
2 310
2 9
9 28
3 101
1 1722
0 1543
3 28
34 261
953 0
24 0
2 72
9 142
279 20
0 1092
29 119
0 105
2 39
1078 0
15 8
15 7
0 709
146 2
0 147
198 0
12 35
7 1
20 5
2 1373
2 275
0 1481
151 0
60 37
1826 0
584 0
2 2628
5 245
98 1
158 1
1 43
135 3
0 272
11 3
53 2
21 5
140 2
168 2
24 40
8 10
18 119
5 19
218 1
7 46
126 1
62 3
52 0
0 486
37 1
0 781
189 31
87 1
3 449
0 286
5 330
5 16
1094 0
1 17
11 14
449 13
112 12
12 79
8 5
174 11
2 60
242 0
1529 10
2 426
2 5
102 16
1 107
5 229
2 16
6 23
54 15
0 495
7 25
52 7
188 0
11 16
11 2
3 111
7 75
1 31
282 11
20 6
124 0
2 328
6 8
1 16
14 138
407 0
197 13
51 14
65 128
23 10
3 26
1 35
3 126
31 28
3 48
2 50
58 1
0 178
202 11
9 145
0 47
2 234
164 4
555 0
36 5
904 42
0 35
3 2588
483 0
13 3
0 483
4 8
23 69
198 1
274 55
245 0
0 177
91 1
6 21
99 0
24 3
0 191
56 82
18 15
1 98
231 0
0 67
1 594
33 659
81 1
4 11
3 590
1 2
86 547
1 662
186 0
105 1
122 27
0 92
190 0
0 82
23 3
1 85
106 2
16 12
1 130
5 62
0 87
118 1
140 0
169 0
40 1
39 10
2 341
11 75
0 614
0 75
29 18
63 5
38 7
3 64
113 1
0 928
4 67
2 129
2 811
131 0
27 2
5 35
30 2
141 0
68 1
41 1550
4 37
52 8
751 0
129 39
2702 4
264 1
0 235
4 41
91 2
20 18
892 0
1 105
344 8
105 0
0 239
85 15
0 460
0 2117
11 7
62 1
88 2
2 392
836 0
33 0
7 57
3 37
20 0
2 59
6 10
17 354
36 206
16 323
19 0
0 2025
0 634
10 11
0 1474
2589 2
242 11
80 0
3 16
245 2
45 0
46 1
63 2
4 52
579 0
146 0
0 157
1 84
0 162
1 1732
134 0
18 4
69 0
883 0
25 75
0 164
23 36
83 1
1 109
35 1
4 1331
0 108
9 3
73 1
7 227
223 1
193 0
1778 1
2 2162
2 3
82 1
8 15
270 0
31 13
0 52
1 62
8 29
0 2
0 193
413 0
66 0
499 0
22 9
1 20
0 216
1 83
8 120
29 17
14 5
4 713
3 21
90 2
8 112
12 28
385 9
4 69
0 96
1837 14
21 6
4 396
107 1
173 73
162 4
5 99
191 0
8 729
2 56
0 161
0 1264
0 353
246 0
1595 0
0 106
0 1381
73 3
7 10
3076 20
81 0
13 16
8 19
9 10
90 6
71 6
92 2
266 1
11 10
13 7
0 294
2014 0
7 201
29 12
1 80
58 0
11 45
1806 1
0 126
2503 0
36 2
2 34
50 3
7 192
25 14
0 80
7 169
2 25
1 410
3 11
106 0
39 0
1 86
2 336
99 2
395 1
53 9
3 32
530 0
54 0
17 12
4 104
21 0
89 28
12 37
316 0
4 95
1 1245
0 2159
325 2
10 16
42 5
29 2
6 18
25 18
4 7
0 384
390 0
838 1
159 0
0 97
11 5
4 6
0 210
103 0
196 3
27 12
2 21
22 2316
215 0
41 2
14 32
68 5
99 3
67 8
0 479
6 30
2 57
2 20
0 629
68 0
630 0
108 0
18 32
66 628
3 178
2 96
102 2
6 60
32 273
8 9
1 119
7 128
0 54
20 418
87 0
59 4
1 628
1 69
7 53
6 27
12 9
0 163
9 25
2 153
1 111
121 1
3 24
1394 0
3 4
80 14
117 4
4 14
6 49
6 19
0 508
470 0
146 5
138 4
7 7
5 84
437 2
137 149
48 3
0 582
72 17
0 651
8 21
0 635
287 0
3 99
6 850
1 68
0 535
2 115
631 0
1 15
55 5
0 99
3 134
680 0
37 31
1884 4
65 4
691 0
0 104
54 2
33 4
130 0
3 194
1 6
43 3
16 24
1 49
89 0
4 64
2 99
137 1
0 240
38 3
51 3
17 190
1 24
125 5
0 79
434 0
0 140
36 9
201 0
1 114
26 8
14 112
12 18
46 0
28 5
1212 1
70 0
11 40
33 7
415 0
1274 1
0 850
0 695
2 237
57 1
3 1986
0 391
5 3
0 200
112 0
63 0
89 17
679 2
253 2
82 0
37 22
18 35
5 18
567 0
45 6
16 16
1215 0
16 22
411 0
86 0
9 8
0 523
266 2
5 130
144 9
11 67
0 230
1 29
0 32
168 3
0 38
17 412
144 0
24 11
290 2
50 2
27 1
78 0
48 6
38 13
4 32
0 139
3 63
0 1348
590 0
14 8
62 2
0 2102
2 44
0 564
3 362
4 48
188 3
1360 0
2 400
4 25
227 64
0 279
3 293
17 286
22 16
7 70
3 51
1 503
1 163
2 286
129 13
0 122
1608 5
103 1
77 20
35 7
3 43
521 0
10 57
14 1
157 0
1 164
60 1
66 2
79 8
4 21
181 3
14 359
6 77
26 4
2 29
119 6
399 0
1 78
0 61
13 39
788 4
0 455
11 30
1686 1
348 4
4 555
3815 0
2 160
473 0
3 23
22 1
0 2002
0 406
502 125
20 2
204 0
278 0
5 7
5 0
0 2361
2 22
1470 0
5 20
1349 0
533 1
3545 1
7 6
457 1
616 2
29 7
0 2588
849 6
194 1
23 2
7 250
0 69
0 8
1 143
6 139
4 60
2 179
12 5
65 1
8 106
49 2
1 973
11 4
5 126
0 116
1851 4
0 76
8 356
76 0
177 0
0 130
154 2
4 2
5 73
77 10
437 0
76 9
3229 0
14 3
26 7
94 3
4 62
1 4
0 2186
104 1
2 19
75 11
18 12
69 3
3 34
1 937
24 8
0 179
5 2
1 57
1 40
3 62
170 0
5 29
8 43
43 6
349 0
125 2
2 36
114 75
74 24
0 393
33 1
0 18
119 7
38 14
9 1
6 1
741 3
701 0
29 5
24 56
26 13
66 13
4 20
2 45
7 13
143 1
7 273
1 26
3 61
301 0
5 42
434 1
18 5
15 4
0 302
313 2
365 0
0 1608
50 20
3 76
195 0
1 32
21 35
0 160
11 108
144 40
5 44
8 70
5 1
5 6
853 1
230 13
1 30
624 0
120 1
341 2
6 102
5 27
5 2241
73 0
1 195
0 197
19 80
89 4
0 612
3191 3
142 0
31 5
10 281
24 1093
10 70
29 3
6 190
3 1
937 1
3 753
317 17
113 0
67 12
45 3
1 14
303 19
200 6
0 1550
197 46
918 0
4 38
1 60
2 577
11 0
147 0
61 0
328 0
92 7
1562 0
8 117
17 6
2 51
15 27
222 0
897 666
51 17
5 863
711 2
121 0
20 15
63 1
285 6
1 161
3 33
22 2
2 48
1535 0
7 17
3 41
281 2
25 0
25 145
21 1
9 16
139 2
368 0
0 2809
114 3
79 2
138 499
290 3
32 3
0 776
8 39
766 0
476 3
218 0
50 4
19 16
959 0
5 28
0 349
80 2
5 393
2 145
216 0
8 13
9 135
1 37
4 292
13 6
56 256
7 56
0 98
13 8
279 267
7 1489
1 9
3 203
1164 3
325 0
1 366
1019 7
0 201
26 47
11 9
2980 0
0 60
128 1
0 379
20 4
47 62
1 149
47 3
5 11
642 0
7 45
24 43
127 3
2 2687
25 22
91 30
53 3
1 50
61 2
3 3
7 20
0 128
0 2217
25 2
10 5
0 5
98 10
409 0
7 9
122 319
2 15
226 1
18 11
2 7
17 5
114 0
122 2
0 26
20 14
40 8
7 145
0 218
355 17
15 11
1 66
81 8
208 0
42 16
1 71
0 366
115 5
5 4
94 5
1 101
64 4
2 84
27 14
0 43
1 436
164 2
354 0
109 2
0 138
796 4
7 179
9 27
6 4
0 120
222 2
0 301
0 418
0 425
0 1030
31 8
1 72
31 17
3 1931
3 158
59 16
1 1006
2 14
21 9
2 10
17 50
1 58
2 321
2 131
1 199
55 2
1 153
42 2
101 1
13 51
111 6
9 20
2 73
23 6
2 193
1 12
0 4
1 1
3 393
385 0
16 2
165 23
145 2
29 310
12 2
128 6
1 137
8 34
7 99
27 5
57 2
14 18
665 0
15 6
13 28
2 273
403 0
127 0
436 0
6 0
85 0
11 11
337 0
3 97
113 3
42 30
0 420
155 0
4 303
192 2
1 176
2 71
14 1141
1 116
77 0
5 75
6 46
46 12
2687 3
7 185
50 1
0 115
0 435
108 71
149 13
0 152
1263 2
8 20
381 0
2 86
106 10
57 4
1 530
224 16
29 144
2706 0
42 22
36 1
3 98
1 556
112 16
2 2180
1 190
249 1
19 10
10 105
4392 0
2 226
7 955
0 133
10 12
154 0
1 231
64 1
5 49
1 131
0 57
17 22
67 0
440 0
2 596
47 0
6 291
1040 0
17 11
0 410
63 3
7 643
1 1486
14 0
53 10
7 0
98 16
18 20
84 1
1 525
36 63
1 291
95 68
8 23
37 0
15 1
1 178
6 14
523 0
1 140
0 519
350 0
24 16
74 1
3924 11
3 419
44 0
77 1
0 1629
0 686
28 4
5 21
1 95
7 49
166 9
1842 0
0 118
28 17
13 2
35 20
12 22
209 0
95 0
129 0
46 17
513 0
1 405
9 286
100 1
4792 0
2 38
1 108
10 14
1497 1
15 24
13 90
1086 0
16 171
7 47
1 65
124 3
194 0
113 8
32 14
15 57
0 1938
120 0
185 2
13 15
19 1
29 81
7 12
76 3
33 10
9 6
13 11
37 13
0 1778
37 4
0 283
6 13
7 221
33 33
56 3
20 118
520 97
8 123
39 388
405 0
0 44
17 8
0 282
10 9
24 5
0 2086
0 630
192 3
64 0
0 143
0 58
6 28
2353 0
0 522
0 49
117 9
5 78
71 0
3296 0
1 124
32 623
9 131
299 0
102 0
2 40
0 165
1 10
5 55
0 16
9 7
43 9
176 8
32 10
0 134
359 1
4 245
4 1076
28 1
12 374
109 0
1042 0
8 12
0 352
3 19
2 31
4 208
156 18
38 1
8 52
0 45
77 18
88 95
0 159
459 5
34 152
0 293
1 113
1 38
45 29
220 0
68 4
0 86
159 4
390 63
9 17
789 30
0 203
49 1666
5 12
9 56
2561 0
12 48
15 28
53 0
206 1
59 1
724 15
66 1
3 17
40 6
50 34
40 0
331 89
0 446
6 726
1428 4
14 6
0 246
160 0
41 13
48 2
39 3
133 154
1 115
11 1
82 4
243 1
145 0
173 0
159 11
1 3
11 13
51 0
3335 1
56 4
12 4
22 15
2029 0
2 62
18 2
4 22
2 17
40 2
0 267
10 13
0 222
1 97
0 213
5 276
283 0
1143 0
108 7
8 11
0 100
312 0
1 47
135 4
1 426
34 2
69 21
430 1
26 3
3 740
4 39
445 0
49 3
250 2
0 62
44 1
86 1
0 2868
0 670
0 84
37 6
0 247
291 1
4 523
15 30
43 1
7 31
2 675
37 8
1 64
2 63
98 5
0 343
33 2
30 4
318 5
10 3
43 13
70 3
7 18
28 51
0 170
26 1
1 170
70 9
10 4
3 9
610 0
90 0
60 2
16 8
43 4
9 84
5 10
656 1
82 2
5 9
0 37
162 2
21 29
6 11
0 524
0 567
4 0
110 0
38 2
130 554
119 2
97 0
32 0
2 638
0 2663
0 28
195 5
0 72
69 1
95 5
72 1
0 146
16 107
0 41
0 93
1 125
42 3
